# change date is: 2016.05.03
ROBOT_ID = 1, 2, 3, 4, 5, 6, 7, 8, 9, 10, 11, 12
APARAM_FLAT_KICK = 1.18832e-312, 5.96168e+268, 2.2208e-299, 2.16517e-299, 1.90913e+174, 1.14779e-310, 3.45356e-308, 2.6164e-292, 1.14779e-310, 1.92172e+174, -1.31511e+263, 2.69366e-299
BPARAM_FLAT_KICK = 3.45384e-308, 1.98098e+257, 1.50662e-312, 3.45343e-308, 8.29445e-315, 0, 3.4528e-308, 2.55384e+257, 3.45302e-308, 1.98401e+257, 2.04379e-314, 4.24438e-314
CPARAM_FLAT_KICK = 2.8725e+175, 8.08956e+174, -1.31457e+263, 2.2001e-299, 2.20946e-299, 3.4535e-308, 1.86818e+188, 2.21539e-299, 2.8725e+175, 8.08956e+174, -1.31465e+263, 2.2001e-299
MINPARAM_FLAT_KICK_POWER = 2, 1627544, 1681918126, -158288478, 32339904, 32654984, 1627692, 1627732, 0, 1627552, -20, 32644400
MAXPARAM_FLAT_KICK_POWER = 1627388, 1627568, 1727349563, -1, -20, 1681917874, 32339904, 1684407360, 4, 1627544, 32339904, 1684407360
APARAM_CHIP_KICK = 2.20946e-299, 3.45361e-308, 1.86818e+188, 2.21539e-299, 3.45374e-308, 3.14627e+175, 4.02834e+294, 2.16568e-299, 3.4539e-308, 3.41776e-305, 8.34578e+173, 2.2001e-299
BPARAM_CHIP_KICK = 2.84816e-306, 2.2001e-299, 2.24081e-299, 9.33838e-313, 1.59822e-316, 2.23991e-299, 2.6164e-292, 2.20946e-299, 1.03124e+174, 7.09585e+268, nan, 5.9595e+268
CPARAM_CHIP_KICK = 4.42394e-299, 2.24023e-299, 2.24107e-299, 3.45289e-308, 3.45369e-308, 6.08393e-257, 5.96168e+268, 2.2208e-299, 2.54801e-313, 7.95275e-293, 2.16517e-299, 2.16517e-299
MINPARAM_CHIP_KICK_POWER = 24707090, 5409, 0, 24707090, 5408, -158288441, 32358080, 32339904, 1727000112, -158288393, 32358080, 32339904
MAXPARAM_CHIP_KICK_POWER = 1727000112, 56944376, 2, 0, 24, 32375136, 1627472, 27, 32309248, 0, 12, 27
